7.2363 421.09 1 182.89 106.49 1 0
8.4261 355.38 1 17.187 381.31 1 0
12.031 108.25 1 582 408.38 1 0
13.474 119.12 1 227.92 382.79 1 0
29.08 141.17 1 42.24 388.18 1 0
31.127 134.5 1 350.25 335.69 1 0
34.21 292.34 1 114.43 442.72 1 0
36.559 85.115 1 522.51 55.204 1 0
48.841 383.49 1 381.64 438.95 1 0
52.33 69.713 1 564.93 388.32 1 0
51.871 76.123 1 617.42 364.87 1 0
66.04 165.87 1 528.06 282.1 1 0
75.624 197.25 1 429.46 440.87 1 0
76.708 403.53 1 423.92 425.17 1 0
78.929 208.42 1 493.41 262.82 1 0
78.929 208.42 1 131.62 320.07 1 0
78.794 397.24 1 423.42 445.63 1 0
78.794 397.24 1 410.74 445.01 1 0
88.245 398.34 1 423.42 445.63 1 0
90.949 403.21 1 423.92 425.17 1 0
96.954 328.47 1 167.62 453.35 1 0
103.66 138.03 1 107.04 140.23 1 0
131.71 109.18 1 145.79 178.54 1 0
132.06 246.19 1 390.16 263.03 1 0
132.06 246.19 1 343.23 222.88 1 0
131.91 251.09 1 487.65 418.19 1 0
135.61 199.08 1 600.1 265.01 1 0
135.87 90.02 1 569.72 375.32 1 0
135.87 90.02 1 617.42 364.87 1 0
141.01 415.88 1 26.728 173.36 1 0
143.89 391.42 1 113.2 173.35 1 0
148.04 437.23 1 582 408.38 1 0
149.88 222.88 1 364.09 251.88 1 0
154.72 393.14 1 113.2 173.35 1 0
155.93 94.925 1 432.77 427.02 1 0
164.51 342.53 1 370.94 214.16 1 1
164.51 342.53 1 370.94 214.16 1 1
167.44 68.367 1 227.18 349.24 1 0
167.01 107.27 1 432.72 330.96 1 0
166.61 381.62 1 364.09 251.88 1 1
168.61 7.2028 1 26.318 135.38 1 0
180.34 185.32 1 408.28 92.197 1 1
189.21 281.07 1 403.64 160.27 1 1
189.21 281.07 1 403.64 160.27 1 1
189.8 373.27 1 386.28 246.09 1 1
192.78 384.9 1 385.97 257.9 1 1
194 70.908 1 458.5 381.49 1 0
194.41 322.25 1 400.07 198.36 1 1
194.41 322.25 1 400.07 198.36 1 1
204.04 203.12 1 428.98 208.04 1 0
206.74 190.16 1 429.39 97.886 1 1
219.26 205.94 1 477.62 264.27 1 0
225.62 473.22 1 475.36 60.917 1 0
226.44 64.231 1 589.5 301.97 1 0
233.96 155.24 1 269.75 327.19 1 0
243.23 129.49 1 215.82 344.62 1 0
269.84 387.32 1 451.98 268.5 1 1
276.08 337.69 1 465.08 226.91 1 1
277.15 160.63 1 588.89 243.05 1 0
277.15 160.63 1 600.1 265.01 1 0
282.52 121.56 1 273.31 367.47 1 0
282.52 121.56 1 198.41 349.64 1 0
284.45 149.82 1 621.32 217.74 1 0
284.99 167.17 1 408.61 386.13 1 0
284.99 167.17 1 136.42 440.58 1 0
287.31 378.03 1 168.32 170.99 1 0
291.97 302.72 1 484.85 202.77 1 1
291.59 392.89 1 113.2 173.35 1 0
293.29 94.678 1 34.501 282.16 1 0
292.84 130.64 1 564.93 388.32 1 0
292.84 130.64 1 42.24 388.18 1 0
299.83 258.65 1 498.95 166.31 1 1
302.6 75.349 1 597.63 461.22 1 0
302.6 75.349 1 558.62 451.67 1 0
305.11 313.07 1 493.69 218.61 1 1
306.68 305.01 1 496.52 212.74 1 1
309.51 207.01 1 435.26 267.38 1 0
311.15 361.19 1 23.078 127.25 1 0
313.47 105.28 1 518.53 450.92 1 0
320.35 49.935 1 578.21 200.66 1 0
320.35 49.935 1 170.66 426.26 1 0
324.69 31.945 1 533.41 316.89 1 0
325.2 380.77 1 28.2 111.88 1 0
335.72 427.74 1 590.16 441.98 1 0
348.13 189.65 1 571.5 259.11 1 0
348.13 189.65 1 256.81 372.47 1 0
349.16 287.55 1 82.283 106.52 1 0
350.04 292.79 1 114.51 100.33 1 0
350.01 403.11 1 581.94 406.16 1 0
361.19 30.114 1 200.83 355.79 1 0
361.95 112.92 1 182.66 364.34 1 0
361.95 112.92 1 391.12 416.77 1 0
367.26 339.22 1 129.11 256.06 1 2
373.06 361.8 1 383.94 400.19 1 0
384.06 58.465 1 217.79 218.46 1 0
387.05 4.9528 1 321.31 384.84 1 0
386.89 139.1 1 137.81 337.48 1 0
387.29 347.65 1 167.62 453.35 1 0
409.91 15.993 1 198.12 219.32 1 0
413.41 424.32 1 12.254 250.79 1 0
414.14 349.67 1 63.013 11.115 1 0
416.57 79.099 1 137.81 337.48 1 0
420.8 67.115 1 350.26 347.86 1 0
420.65 330.3 1 24.667 36.115 1 0
431.85 220.97 1 168.96 329.25 1 0
432.57 356.51 1 107.04 140.23 1 0
432.65 337.11 1 329.63 16.566 1 0
441.13 125.83 1 21.722 415.9 1 0
447.45 315.25 1 188.28 229.57 1 2
455.79 364.16 1 189.83 270.74 1 2
455.79 364.16 1 189.83 270.74 1 2
458.05 288.25 1 196.82 206.8 1 2
470.7 347.61 1 204.69 257.14 1 2
472.46 341.68 1 205.48 251.58 1 2
477.02 418.34 1 203.06 23.828 1 0
484.2 287.36 1 220.9 206.11 1 2
485.21 57.901 1 406.8 441.69 1 0
489.06 271.73 1 215.82 344.62 1 0
490.43 297.43 1 226.56 215.08 1 2
496.49 358.84 1 223.09 266.37 1 2
496.49 358.84 1 223.09 266.37 1 2
498.67 197.21 1 607.9 266.68 1 0
498.67 197.21 1 136.42 440.58 1 0
499.05 344.35 1 230.51 254.53 1 2
506.72 130.61 1 415.06 395.66 1 0
510.16 30.003 1 56.335 335.81 1 0
511.88 427.72 1 42.24 388.18 1 0
511.88 427.72 1 203.06 23.828 1 0
540.65 328.61 1 199.06 45.864 1 0
540.65 328.61 1 270.5 242.06 1 2
540.61 356.28 1 268.37 266.34 1 2
540.58 362.65 1 167.62 453.35 1 0
559.61 5.625 1 631.93 343.7 1 0
559.61 5.625 1 87.798 347.59 1 0
574.18 365.48 1 115.74 239.63 1 0
577.42 401.03 1 582.91 144.01 1 0
598.11 139.04 1 33.885 74.664 1 0
599.42 265.09 1 113.2 173.35 1 0
599.42 265.09 1 352.67 440.25 1 0
621.9 167.07 1 81.764 450.16 1 0
624.36 369.66 1 379.57 456.72 1 0
626.63 441.2 1 182.89 106.49 1 0
630.33 390.2 1 312.93 96.79 1 0
638.41 459.29 1 342.45 335.91 1 0
638.41 459.29 1 415.19 108.58 1 0
18.702 144.75 1 87.732 371.42 1 0
20.904 402.07 1 23.911 220.91 1 0
32.889 155.03 1 569.72 375.32 1 0
32.335 380.53 1 410.74 445.01 1 0
38.194 192.68 1 51.676 318.3 1 0
43.702 217.85 1 361.27 26.977 1 0
52.044 406.96 1 538.5 90.027 1 0
58.254 392.8 1 404.09 120.4 1 0
60.153 155.81 1 435.26 267.38 1 0
72.265 34.221 1 163.89 105.4 1 0
113.53 270.89 1 341.83 143.65 1 1
127.38 387.41 1 306.2 94.355 1 0
140.41 269.92 1 364.1 145.69 1 1
149.85 339.62 1 359.15 209.56 1 1
157.27 144.2 1 34.855 450.81 1 0
159.14 82.759 1 608.72 394.49 1 0
165.42 23.937 1 136.4 257.63 1 0
180.91 319.75 1 388.84 194.25 1 1
188.22 361.91 1 386.75 235.18 1 1
189.54 113.43 1 484.8 115.88 1 0
190.46 164.51 1 345.34 268.19 1 0
197.05 83.363 1 177.56 381.91 1 0
197.05 83.363 1 610.06 435.62 1 0
198.73 389.47 1 390.16 263.03 1 1
199.5 473.94 1 408.28 92.197 1 0
206.53 16.118 1 12.254 250.79 1 0
213.78 138.54 1 435.26 267.38 1 0
213.9 285.96 1 422.69 166.99 1 1
220.17 103.35 1 350.25 335.69 1 0
228.68 317.18 1 429.34 196.88 1 1
229.9 259.85 1 439.75 150.88 1 1
235.48 65.598 1 569.72 375.32 1 0
246.94 50.194 1 35.192 142.36 1 0
252.98 293.71 1 454.16 177.9 1 1
253.62 128.43 1 449.41 451.05 1 0
270.71 324.58 1 517.42 29.785 1 0
272.95 148.44 1 578.21 200.66 1 0
274.23 308.92 1 468.73 198.72 1 1
289.85 311.47 1 481.2 209.37 1 1
291.67 4.9478 1 354.89 214.96 1 0
292.33 337.04 1 481.15 229.22 1 1
293.55 330.45 1 481.15 229.22 1 1
304.24 279.33 1 498.97 187.32 1 1
306.42 164.81 1 156.8 454.96 1 0
432.32 299.29 1 179.99 216.45 1 2
470.76 328.32 1 204.14 240.08 1 2
470.76 328.32 1 204.14 240.08 1 2
475.27 294.21 1 210.25 210.21 1 2
481.35 385.09 1 208.48 287.94 1 2
493.47 324.16 1 225.21 237.08 1 2
506.92 376.73 1 229.48 281.61 1 2
531.07 375.25 1 252.77 282.29 1 2
533.11 382.01 1 253.89 287.68 1 2
536.94 321.53 1 265.65 234.03 1 2
175.06 229.85 1 397.52 122.36 1 1
180.95 186.54 1 408.28 92.197 1 1
190.49 341.33 1 392.86 216.23 1 1
228.56 377.01 1 418.67 253.99 1 1
232.97 397.96 1 417.86 274.95 1 1
252.21 240.41 1 455.56 141.43 1 1
252.21 240.41 1 461.42 139.64 1 1
369.28 332.23 1 130.97 248.74 1 2
408.02 292.37 1 155.07 212.43 1 2
407.92 332.82 1 164.78 249.61 1 2
421.9 345.88 1 170.62 257.94 1 2
431.86 265.75 1 178.43 191.17 1 2
431.86 265.75 1 178.43 191.17 1 2
484.57 385.08 1 208.48 287.94 1 2
501.07 392.92 1 222.83 295.44 1 2
507.1 386.31 1 228.85 289.49 1 2
544.86 320.8 1 265.65 234.03 1 2
144.36 277.27 1 365.99 153.11 1 1
157.18 336.09 1 365.92 207.42 1 1
165.23 379.44 1 364.09 251.88 1 1
181.29 187.13 1 408.28 92.197 1 1
182.11 226.5 1 404.09 120.4 1 1
188.3 317.86 1 395.31 192.53 1 1
190.16 340.77 1 392.86 216.23 1 1
193.33 207.22 1 415.19 108.58 1 1
195.69 369.25 1 391.81 242.71 1 1
227.14 350.79 1 421.92 228.13 1 1
228.06 213.58 1 443.98 117.51 1 1
233.21 397.49 1 417.86 274.95 1 1
247.13 242.7 1 455.56 141.43 1 1
258.1 329.36 1 452.15 210.7 1 1
260.42 358.32 1 448.69 238.97 1 1
264.48 404.4 1 442.15 282.46 1 1
270.54 362.15 1 456.85 246.36 1 1
273.2 202.95 1 484.8 115.88 1 1
282.84 249.58 1 486.02 151.83 1 1
282.74 304.54 1 476.65 200.18 1 1
284.43 333.69 1 472.87 227.81 1 1
293.66 250.05 1 494.93 155.49 1 1
295.59 279.35 1 491.76 183 1 1
345.5 300.76 1 111.27 223.72 1 2
377.1 341.51 1 136.4 257.63 1 2
449.14 355.98 1 186.33 264 1 2
471.26 316.55 1 207.03 230.69 1 2
480.41 301.55 1 217.79 218.46 1 2
486.73 334.29 1 216.93 244.4 1 2
497.88 369.86 1 224.12 275.14 1 2
508.09 268.78 1 251.46 192.78 1 2
535.46 371.12 1 261.56 280.73 1 2
146.59 345.88 1 354.89 214.96 1 1
161.27 251.92 1 383.81 135.53 1 1
192.81 300.05 1 403.97 179.94 1 1
199.44 220.09 1 417.66 118.2 1 1
219.46 293.3 1 426.12 174.37 1 1
240.24 368.51 1 430.45 245.94 1 1
268.22 233.15 1 475.22 136.85 1 1
281.49 368.68 1 465.55 257.43 1 1
306.93 241.47 1 506.1 157.06 1 1
308.82 273.74 1 503.1 185.08 1 1
382.03 276.91 1 135.67 199.51 1 2
453.18 247.5 1 204.95 177.04 1 2
457.08 302.56 1 198.12 219.32 1 2
458.71 352.66 1 196.02 263.17 1 2
497.71 306.11 1 230.6 223.41 1 2
507.85 316.94 1 237.58 231.97 1 2
519.72 372.02 1 242.88 278.08 1 2
521.54 389.43 1 242.77 293.57 1 2
524.06 312.73 1 248.1 226.66 1 2
540.65 266.47 1 278.01 191.54 1 2
564.53 270.67 1 299.2 193.52 1 2
137.14 262.12 1 363.32 140.45 1 1
168.66 322.63 1 379.6 196.76 1 1
189.85 242.59 1 402.62 131.04 1 1
205.92 276.09 1 416.17 159.18 1 1
221.17 249.93 1 433.39 142.62 1 1
239.71 226.71 1 449.93 128.1 1 1
241.41 340.89 1 436.47 220.57 1 1
381.18 250.09 1 145.79 178.54 1 2
414.64 251.05 1 169.04 179 1 2
536.82 347 1 267.19 254.87 1 2
170.58 268.98 1 388.79 149.38 1 1
176.6 351.44 1 383.81 228.34 1 1
207.99 333.35 1 408.93 209.96 1 1
300.42 230.57 1 505.53 137.11 1 1
245.5 283.05 1 448.49 169.6 1 1
