22.519 396.29 1 340.23 84.87 1 0
26.2 231.17 1 208.93 213.6 1 0
26.711 314.62 1 538.83 433.36 1 0
33.724 308.6 1 499.93 94.321 1 0
35.069 105.07 1 563.89 431.26 1 0
35.069 105.07 1 236.24 433.44 1 0
41.534 237.85 1 527.26 416.88 1 0
45.783 194.94 1 335.39 148.04 1 0
58.369 32.977 1 458.13 294.64 1 0
60.549 359.29 1 513.99 269.1 1 0
67.832 94.836 1 421.94 146.85 1 0
82.088 165 1 230.87 408.95 1 0
94.681 285.38 1 233.65 262.3 1 0
104.39 10.839 1 254.5 238.46 1 0
109.63 87.331 1 389.77 385.17 1 0
109.89 330.77 1 479.03 138.8 1 0
115.81 155.02 1 449.05 388.59 1 0
115.69 231.35 1 488.21 429.09 1 0
120.28 136.43 1 210.13 450.94 1 0
123.54 363.72 1 383.74 351.06 1 0
126.98 149.66 1 596.14 463.72 1 0
127.9 347.44 1 475.35 268.74 1 0
136.22 372.41 1 383.74 351.06 1 0
144.24 274.05 1 178.19 59.472 1 0
149.05 254.21 1 337.69 302.4 1 0
151.13 247.3 1 439.52 286.66 1 0
153.56 385.39 1 380.76 141.6 1 0
162.27 124.24 1 310.43 174.41 1 0
165.38 329.74 1 517.98 322.92 1 0
169.05 127.06 1 338.79 293.11 1 0
168.78 439.52 1 313.74 49.158 1 0
171.13 166.61 1 379.84 178.23 1 0
171.13 166.61 1 158.93 348.79 1 0
177.23 203.98 1 277.76 40.423 1 0
181.64 195.5 1 269.74 51.178 1 0
185.32 163.28 1 194.23 354.17 1 0
185.56 383.58 1 477.98 198.31 1 0
186.39 335.36 1 529.29 367.06 1 0
193.72 170.5 1 226.49 377.26 1 0
202.51 115.47 1 236.33 395.85 1 0
205.13 9.038 1 45.456 403.02 1 0
207.85 320.38 1 472.02 287.53 1 0
211.74 28.124 1 566.46 446.73 1 0
213.3 318.64 1 472.02 287.53 1 0
219.75 343.72 1 466.35 195.27 1 0
232.99 340.09 1 218.89 85.111 1 0
235.31 42.935 1 571.74 454.46 1 0
235.1 451.23 1 296.81 292.94 1 0
235.67 69.353 1 389.77 385.17 1 0
236.34 365.92 1 133.71 86.522 1 0
241.23 82.777 1 407.58 63.272 1 0
240.68 278.01 1 476.62 278.18 1 0
242.6 303.04 1 182.54 85.247 1 0
244.33 334.86 1 486.55 335.9 1 0
244.33 334.86 1 416.75 130.07 1 0
245.36 341.75 1 297.39 133.75 1 0
253 402.73 1 363.58 320.52 1 0
254.78 365.86 1 380.76 141.6 1 0
256.58 298.51 1 182.54 85.247 1 0
257.55 461.33 1 77.738 15.016 1 0
259.2 254.42 1 336.11 462.17 1 0
260.09 173.36 1 421.89 419.02 1 0
259.84 217 1 612.61 309.89 1 0
268.66 170.28 1 276.66 111.77 1 1
279.46 415.8 1 31.993 196.64 1 0
284.25 339.4 1 225.91 216.91 1 0
292.01 371.92 1 404.67 142.26 1 0
293.17 211.49 1 117.65 15.154 1 0
299.04 373.07 1 190.59 141.13 1 0
303.89 283.39 1 130.3 66.354 1 0
307.91 334.91 1 331.76 235.2 1 0
309.89 320.19 1 178.19 59.472 1 0
310.81 392.14 1 135.59 96.872 1 0
311.87 183.15 1 98.76 321.2 1 0
312.54 261.8 1 430.82 339.04 1 0
313.14 362.24 1 71.043 109.48 1 0
336.33 331.99 1 54.648 226.42 1 0
338.01 191.83 1 336.16 281.56 1 2
339.27 317.03 1 77.738 15.016 1 0
344.34 156.01 1 81.012 310.28 1 0
343.84 176.78 1 81.012 310.28 1 0
348.73 229.46 1 354.17 340.6 1 2
351.42 208.07 1 363.58 320.52 1 2
357.88 147.57 1 373.27 238.73 1 2
359 219.37 1 375.94 335.59 1 2
362.82 361.65 1 374.76 101.52 1 0
371.81 235.23 1 398.08 362.83 1 2
376.79 131.85 1 404.69 223.97 1 2
380.78 344.74 1 332.61 449.27 1 0
382.07 92.778 1 415.3 166.14 1 2
382.53 230.7 1 427.44 168.7 1 0
384.54 476.47 1 171.36 236.3 1 0
384.54 476.47 1 188.57 338.61 1 0
387.11 187.56 1 414.99 294.44 1 2
386.66 236.27 1 419.04 366.43 1 2
388.36 132.71 1 419.4 222.51 1 2
387.94 366.64 1 16.506 37.779 1 0
388.64 322.85 1 515.66 442.48 1 0
397.21 262.29 1 434.31 400.75 1 2
398.9 224.15 1 430.82 339.04 1 2
399.17 79.588 1 476.62 278.18 1 0
407.14 405.79 1 597.5 342.55 1 0
411.85 362.03 1 141.03 12.353 1 0
413.49 74.566 1 81.012 310.28 1 0
421.07 112.93 1 462.56 186.99 1 2
421.46 200.93 1 457.13 301.94 1 2
422.45 195.72 1 458.13 294.64 1 2
432.91 139.53 1 474.95 219.62 1 2
435.29 211.07 1 266.99 341.79 1 0
437.96 185.92 1 476.62 278.18 1 2
446.32 205.62 1 483.8 300.95 1 2
448.97 180.78 1 489.74 268.8 1 2
454.74 317.92 1 25.051 65.939 1 0
454.84 345.75 1 80.924 49.687 1 0
456.37 301.26 1 77.738 15.016 1 0
457.01 164.35 1 501.05 245.74 1 2
459.86 91.533 1 510.61 150.33 1 2
466.84 219.32 1 517.98 322.92 1 2
468.05 188.94 1 513.99 269.1 1 2
471.08 198.07 1 514.04 284.08 1 2
471.23 462.65 1 184.02 415.37 1 0
476.02 291.64 1 612.18 47.272 1 0
482.99 149.66 1 531.12 221.31 1 2
487.22 153.48 1 174.75 249.31 1 0
486.98 200.22 1 359.74 145.97 1 0
488.55 131.32 1 539.17 196.99 1 2
488.55 131.32 1 539.17 196.99 1 2
493.92 96.939 1 548.07 153.67 1 2
494.93 369.71 1 95.427 85.779 1 0
498.37 315.97 1 595.79 398.63 1 0
503.73 250.3 1 557.51 347.31 1 2
502.43 205.86 1 558.17 293.54 1 2
502.65 81.484 1 338.79 293.11 1 0
503.39 116.96 1 556.29 178 1 2
503.55 401.04 1 365.52 45.31 1 0
503.73 410.53 1 167.67 175.59 1 0
520.13 420.22 1 194.23 354.17 1 0
529.04 342.81 1 194.26 447.06 1 0
530.35 194.28 1 279.96 85.843 1 0
532.42 123.24 1 510.5 433.39 1 0
544.34 241.46 1 237.61 190.16 1 0
548.23 19.811 1 340.23 84.87 1 0
553.26 335.76 1 194.26 447.06 1 0
569.41 320.45 1 54.648 226.42 1 0
572.36 454.38 1 95.427 85.779 1 0
577.02 180.03 1 411.07 75.207 1 0
585.7 410.74 1 77.738 15.016 1 0
588.88 441.89 1 612.61 309.89 1 0
596.5 397.72 1 332.61 449.27 1 0
597.64 385.65 1 146.29 392.98 1 0
597.57 426.9 1 556.49 124.81 1 0
597.57 426.9 1 165.46 192.5 1 0
631.18 361 1 470.12 253.41 1 0
8.2709 295.16 1 590.65 20.987 1 0
25.448 409.74 1 499.93 94.321 1 0
41.461 35.363 1 195.53 421.28 1 0
61.121 438.64 1 301.28 328.48 1 0
69.504 74.728 1 285.2 308.66 1 0
85.987 90.959 1 389.77 385.17 1 0
109.09 33.398 1 74.5 206.64 1 0
116.51 343.94 1 570.39 415.34 1 0
140.07 101.24 1 374.76 101.52 1 0
146.02 334.18 1 532.9 318.28 1 0
148.97 88.32 1 524.99 475.25 1 0
151.38 216.1 1 190.59 141.13 1 1
151.5 191.34 1 191.31 122.5 1 1
172.66 151.46 1 207.15 93.646 1 1
177.54 128.8 1 210.96 77.095 1 1
181.23 140.22 1 213.11 85.434 1 1
183.71 170.44 1 214.59 108.31 1 1
188.7 138.91 1 218.89 85.111 1 1
192.5 285.07 1 123.48 125.99 1 0
198.07 290.35 1 404.46 143.09 1 0
202.49 322.88 1 472.02 287.53 1 0
208.03 451.16 1 16.506 37.779 1 0
216.18 78.877 1 238.72 41.898 1 1
216.18 78.877 1 238.72 41.898 1 1
221.17 271.7 1 313.48 437.86 1 0
227.18 76.211 1 408.95 401.41 1 0
239.57 198.37 1 255.02 132.84 1 1
262.62 369.85 1 427.01 347.16 1 0
264.88 249.81 1 537.1 344.03 1 0
268.35 195.12 1 275.91 132.25 1 1
268.84 202.07 1 276.11 137.06 1 1
272.43 234.42 1 277.77 160.93 1 1
272.66 106.45 1 279.62 64.619 1 1
272.97 380.55 1 510.75 178.78 1 0
273.62 117.95 1 280.35 72.737 1 1
275.46 70.319 1 282.41 37.488 1 1
276.85 372.73 1 230.89 215.36 1 0
284.51 231.89 1 287.25 159.31 1 1
287.13 381.95 1 544.62 292.81 1 0
299.58 333.86 1 365.52 45.31 1 0
316.56 367.44 1 71.043 109.48 1 0
318.71 335.49 1 151.26 274.77 1 0
329.18 233.8 1 321 336.05 1 2
336.89 462.05 1 112.07 62.156 1 0
345.25 85.326 1 572.92 293.67 1 0
344.64 104.26 1 81.012 310.28 1 0
352.15 16.968 1 224.96 383.27 1 0
352.15 16.968 1 74.526 43.959 1 0
365.47 23.711 1 287.25 159.31 1 0
368.3 340.04 1 404.66 148.32 1 0
371.87 18.684 1 284.84 164.84 1 0
379.38 453.69 1 25.051 65.939 1 0
388.89 203.75 1 417.31 314.13 1 2
395.06 234.86 1 431.48 362.62 1 2
397.76 132.99 1 530.93 281.14 1 0
405.35 184.94 1 439.52 286.66 1 2
407.14 348 1 25.323 220.74 1 0
413.41 124.14 1 452.46 203.41 1 2
417.15 81.445 1 456.04 141.35 1 2
421.98 386.63 1 146.29 392.98 1 0
430.4 74.155 1 463.16 123.83 1 2
431.1 164.84 1 470.12 253.41 1 2
437.18 319.11 1 499.93 94.321 1 0
438.63 160.15 1 479.27 245.73 1 2
441.57 327.56 1 32.473 95.869 1 0
444.86 12.573 1 23.976 265.72 1 0
445.03 349.87 1 581.52 265.7 1 0
453.11 173.78 1 495.8 259.16 1 2
454.58 447.47 1 53.682 425.92 1 0
462.25 168.55 1 506.04 250.89 1 2
476.97 234.72 1 530.05 339.57 1 2
479.12 110.74 1 530.79 173.33 1 2
478.52 226.34 1 222.06 116.42 1 0
479.53 315.08 1 25.051 65.939 1 0
488.15 152.36 1 178.19 59.472 1 0
499.29 218.77 1 555.95 313.39 1 2
500.24 88.744 1 420.04 411.02 1 0
502.05 212.04 1 556.49 124.81 1 0
503.94 250.24 1 557.51 347.31 1 2
511.91 235.89 1 565.96 329.95 1 2
60.192 103.21 1 132.34 54.363 1 1
107.56 131.11 1 163.14 76.514 1 1
108.92 226.72 1 161.29 146.27 1 1
129.79 127.75 1 178.1 73.924 1 1
129.79 127.75 1 178.1 73.924 1 1
135.86 217.69 1 179.8 141.44 1 1
175.78 114.06 1 210.02 66.188 1 1
186.81 117.9 1 218.07 69.558 1 1
188.23 189.81 1 217.43 123.04 1 1
190.33 157.79 1 219.35 98.984 1 1
189.89 197.34 1 218.68 129.48 1 1
196.84 190.41 1 223.72 124.6 1 1
230.89 97.078 1 249.4 55.724 1 1
256.91 183.08 1 267.42 121.95 1 1
256.91 183.08 1 267.42 121.95 1 1
258.88 89.865 1 269.74 51.178 1 1
274.8 249.68 1 278.8 170.13 1 1
276.14 191.26 1 281.62 129.12 1 1
339.08 242.61 1 338.4 352.48 1 2
352.8 223.27 1 361.05 335.63 1 2
357.11 215.41 1 372.27 328.2 1 2
365.17 136.54 1 385.79 229.67 1 2
372.3 169.74 1 396.33 273.78 1 2
374.19 139.46 1 399.18 233.52 1 2
374.99 227.48 1 399.41 349.15 1 2
384.67 194.29 1 411.9 304.03 1 2
392.71 155.54 1 423.31 251.54 1 2
402 154.84 1 434.96 252.93 1 2
406.09 177.06 1 440.38 274.85 1 2
412.3 124.14 1 452.46 203.41 1 2
413.69 132.75 1 451.09 216.49 1 2
418.19 172.26 1 454.88 265.36 1 2
424.5 119.73 1 466.35 195.27 1 2
440.23 168.23 1 481.16 255.03 1 2
444.75 245.21 1 491.82 363.03 1 2
462.09 112.28 1 510.75 178.78 1 2
462.44 186.69 1 506.06 272.42 1 2
473.29 165.15 1 518.3 243.87 1 2
476.61 144.48 1 523.31 217.02 1 2
478.91 218.21 1 532.9 318.28 1 2
484.03 178.77 1 527.76 258.38 1 2
500.95 243.83 1 555.6 340.81 1 2
60.554 102.8 1 132.34 54.363 1 1
60.346 133.77 1 131.6 76.078 1 1
96.488 170.86 1 154.09 104.39 1 1
104.26 180.24 1 159.09 111.69 1 1
112.26 212.82 1 163.66 135.79 1 1
116.37 290.82 1 165.46 192.5 1 1
129.02 286.73 1 174.24 189.93 1 1
147.79 207.37 1 188.48 134.2 1 1
194.49 180.33 1 222.06 116.42 1 1
199.25 199.71 1 225.23 131.01 1 1
268.75 78.152 1 277.08 42.838 1 1
272.92 136.08 1 279.96 85.843 1 1
333.31 195.49 1 328.93 287.43 1 2
354.19 253.69 1 365.21 374.6 1 2
358.69 127.05 1 376.4 214.76 1 2
378.79 212.69 1 404.17 328.37 1 2
416.32 113.62 1 455.8 189.55 1 2
449.19 116.71 1 494.64 186.95 1 2
454.45 141.49 1 500.28 215.44 1 2
111.22 166.55 1 164.59 101.88 1 1
118.37 277.88 1 165.56 186.47 1 1
125.74 211.73 1 173.01 136.6 1 1
126.08 192.34 1 173.79 121.76 1 1
146.97 238.96 1 186.45 157.56 1 1
197.36 114.06 1 224.92 65.675 1 1
232.63 230.63 1 251.3 159.19 1 1
260.45 152.56 1 270.34 98.554 1 1
376.62 117.32 1 404.48 203.25 1 2
392.69 216.01 1 421.38 327.88 1 2
401.29 93.261 1 437.98 163.46 1 2
472.38 231.15 1 525.35 336.28 1 2
101.41 107.47 1 159.79 59.681 1 1
117.98 278.87 1 165.56 186.47 1 1
132.41 243.53 1 176.63 163.14 1 1
235.73 76.059 1 253.14 40.577 1 1
238.95 120.92 1 255 73.792 1 1
246.01 92.907 1 260.52 52.907 1 1
422.37 164.44 1 460.38 252.47 1 2
424.05 206.84 1 460.33 309.27 1 2
465.93 154.43 1 512.74 231.8 1 2
485.74 189.25 1 529.03 271.41 1 2
66.217 147.86 1 133.71 86.522 1 1
79.033 101.82 1 144.76 54.905 1 1
102.42 107.97 1 159.79 59.681 1 1
127.88 105.4 1 178.19 59.472 1 1
136.1 141.08 1 182.54 85.247 1 1
157.36 149.28 1 196.6 91.661 1 1
57.558 120.24 1 130.3 66.354 1 1
244.5 206.94 1 258.32 138.85 1 1
398.42 122.65 1 433 204.98 1 2
159.25 96.685 1 198.09 51.94 1 1
255.97 95.207 1 268 55.484 1 1
186.55 97.211 1 217.64 54.546 1 1
