11.95 420.68 1 450.57 339.05 1 0
13.215 165.77 1 201.79 309.59 1 0
25.159 447.22 1 127.42 52.252 1 0
36.855 198.75 1 269.53 200.18 1 1
41.747 280.65 1 584.61 406.72 1 0
63.129 40.977 1 140.54 387.86 1 0
69.041 128.55 1 144.78 395.23 1 0
68.963 179.31 1 307.29 180.81 1 1
70.878 470.63 1 203.61 194.09 1 0
72.637 189.23 1 309.47 192.48 1 1
73.169 254.61 1 297.76 266.53 1 1
74.008 307.03 1 550.3 151.97 1 0
77.272 236.74 1 306.91 246.72 1 1
86.001 147.98 1 331.89 142.88 1 1
89.532 42.404 1 227.79 382.41 1 0
112.59 227.76 1 347.15 446.24 1 0
120.77 45.646 1 609.09 420.75 1 0
124.29 192.87 1 365.63 202.03 1 1
124.7 221.65 1 359.74 235.36 1 1
130.08 105.51 1 12.954 268.12 1 0
134.16 171.18 1 381.89 177.46 1 1
148.73 141.35 1 404.07 142.52 1 1
147.81 201.04 1 390.8 213.72 1 1
149.07 186.02 1 395.46 195.91 1 1
150.62 147.16 1 405.28 150.21 1 1
153.46 201.3 1 397.13 214.74 1 1
156.61 118.26 1 293.53 37.339 1 0
157.98 162.46 1 591.06 306.67 1 0
158.95 248.86 1 392.02 274.86 1 1
159.97 171.9 1 577.81 309.77 1 0
161.65 260.95 1 392.24 289.44 1 1
179.93 234.54 1 419.17 259.67 1 1
187.69 239.71 1 427.59 268.42 1 1
191.75 228.73 1 331.79 349.41 1 0
211.99 45.317 1 298.09 149.84 1 0
213.89 283.1 1 579.66 388.54 1 0
213.47 323.34 1 612.1 64.874 1 0
223.01 93.375 1 103.31 305.19 1 0
226.64 304.36 1 591.8 123.7 1 0
230.83 40.064 1 494.45 283.68 1 0
236.84 277.09 1 57.292 84.852 1 0
243.65 25.429 1 280.13 455.15 1 0
245.88 270.61 1 340.25 415.56 1 0
250.21 94.428 1 227.79 382.41 1 0
251.95 407.7 1 378.6 78.042 1 0
254.44 187.47 1 60.882 213.63 1 2
271.12 205.27 1 375.68 381.7 1 0
274.73 100.99 1 549.34 30.095 1 0
274.81 110.6 1 542.04 388.19 1 0
282.6 223.55 1 85.22 256.71 1 2
286.02 23.413 1 539.72 204.94 1 0
287.57 314.66 1 103.1 63.553 1 0
294.06 299.56 1 292.86 123.62 1 0
295.72 183.9 1 227.32 39.054 1 0
295.78 192.37 1 106.97 215.43 1 2
302.5 27.94 1 424.89 423.13 1 0
305.52 117.95 1 512.01 385.77 1 0
307.58 329.88 1 34.47 159.26 1 0
313.8 251.14 1 130.89 282.25 1 2
317.33 41.318 1 392.24 289.44 1 0
317.33 41.318 1 462.42 448.48 1 0
318.32 106.01 1 381.75 375.47 1 0
329 183.51 1 149.77 200.63 1 2
331.26 138.6 1 362.07 340.98 1 0
331.23 189.07 1 150.86 207.67 1 2
334.41 170.7 1 159.49 183.77 1 2
336.58 424.93 1 88.571 300.92 1 0
339.53 237.46 1 9.8003 131.45 1 0
343.39 352.35 1 277.74 469.81 1 0
344.51 244.09 1 169.89 271.89 1 2
343.73 466.33 1 614.02 263.59 1 0
346.68 238.88 1 18.731 125.68 1 0
348.74 138.38 1 364.88 357.81 1 0
351.05 151.18 1 182.22 158.3 1 2
352.11 60.824 1 452.8 417.99 1 0
353.92 228.48 1 178.12 250.44 1 2
358.93 214.32 1 11.336 183.74 1 0
367.36 269.94 1 191.71 299.11 1 2
371.98 202.24 1 85.22 256.71 1 0
372.81 270.86 1 197.54 299.42 1 2
374.7 254.13 1 197.95 281.39 1 2
379.52 287.24 1 207.96 314.86 1 2
380.89 260.6 1 203.02 288.88 1 2
380.95 270.3 1 33.77 199.84 1 0
384.85 281.54 1 212.7 309.15 1 2
393.44 233.46 1 100.99 321.78 1 0
397.34 183.04 1 340.25 415.56 1 0
406.57 234.99 1 9.8003 131.45 1 0
410.39 53.755 1 452.8 417.99 1 0
418.1 69.493 1 232.85 438.36 1 0
424.49 393.9 1 525.96 106.23 1 0
438.48 29.525 1 566.8 224.29 1 0
442.43 193.59 1 51.037 433.33 1 0
447.67 466.7 1 159.49 183.77 1 0
462.18 354.71 1 34.47 159.26 1 0
467.68 449.67 1 21.758 357.01 1 0
471.05 296.5 1 112.08 188.99 1 0
491.06 99.589 1 382.5 207.92 1 0
491.68 280.65 1 505.84 254.01 1 3
503.81 146.98 1 494.33 375.78 1 0
503.65 205.29 1 509.11 179.69 1 3
503.63 327.09 1 47.672 275.74 1 0
506.46 307.62 1 265.9 27.706 1 0
510.78 384.86 1 525.96 106.23 1 0
512.88 196.75 1 515.67 170.55 1 3
515.2 20.341 1 423.6 456.59 1 0
516.52 260.84 1 530.21 233.98 1 3
519.4 124.22 1 424.08 374.3 1 0
526.66 146.11 1 586.85 344.63 1 0
529.73 207.23 1 534.95 180.8 1 3
530.97 231.84 1 539.72 204.94 1 3
533.63 215.91 1 340.97 435.02 1 0
548.71 303.89 1 564.05 275.38 1 3
548.93 334.84 1 563.83 305.79 1 3
555.27 79.731 1 139.73 131.81 1 0
561.04 135.75 1 519.71 35.296 1 0
562.68 404.85 1 34.47 159.26 1 0
565.45 177.95 1 292.86 123.62 1 0
568.02 334.85 1 104.76 262.83 1 0
568.99 328.41 1 582.81 298.37 1 3
569.61 451.95 1 159.49 183.77 1 0
573.98 296.16 1 503.42 195.74 1 0
576.1 257.54 1 362.96 145.52 1 0
576.57 309.43 1 590.46 279.88 1 3
585.29 327.84 1 598.14 297.79 1 3
588.35 270.94 1 192.21 123.94 1 0
592.11 292.35 1 78.816 88.303 1 0
592.7 185.62 1 144.78 395.23 1 0
597.52 325.19 1 9.8003 131.45 1 0
601.32 293.85 1 614.02 263.59 1 3
605.73 430.43 1 228.77 265.93 1 0
605.73 430.43 1 228.77 265.93 1 0
616.25 291.6 1 627.95 260.91 1 3
36.923 174.97 1 274.47 173.18 1 1
54.187 203.38 1 286.89 207.01 1 1
58.803 196.99 1 292.99 200.69 1 1
59.437 246.29 1 284.75 255.7 1 1
66.062 253.61 1 290.62 264.45 1 1
76.95 230.26 1 306.32 239.54 1 1
78.655 236.34 1 306.91 246.72 1 1
86.197 158.71 1 330.41 158.32 1 1
91.333 202.76 1 327.14 209.99 1 1
98.858 308.96 1 313.12 333.98 1 1
100.14 217.73 1 333.98 228 1 1
106.37 212.81 1 341.59 223.13 1 1
118.62 174.51 1 363.51 180.11 1 1
132.18 215.92 1 370 229.18 1 1
142.55 212.5 1 381.7 227.18 1 1
158.99 279.72 1 384.39 310.48 1 1
162.22 270.86 1 390.45 300.42 1 1
163.31 238.66 1 399.71 260.35 1 1
178.96 246.08 1 415.72 274.73 1 1
187.72 264.73 1 421.63 297.19 1 1
292.08 178.98 1 145.97 280.93 1 0
328.64 267.07 1 150.03 298.57 1 2
336.05 266.13 1 157.89 297.32 1 2
341.25 259.93 1 162.43 290.81 1 2
376.29 254.51 1 197.95 281.39 1 2
377.54 238 1 203.74 260.85 1 2
386.09 265.23 1 210.31 292.32 1 2
390.76 244.11 1 215.53 266.33 1 2
427.96 234.49 1 591.06 306.67 1 0
461.34 228.07 1 470.55 202.99 1 3
471.77 259.19 1 482.83 233.11 1 3
472.83 238.59 1 484.16 213.79 1 3
495.72 221.21 1 503.42 195.74 1 3
516.76 234.01 1 526.16 207.58 1 3
523.26 351.52 1 536.44 324.43 1 3
541.63 298.37 1 557.15 270.29 1 3
546.7 253.54 1 558.33 225.24 1 3
552.57 296.41 1 567.88 268.31 1 3
555.45 252.38 1 566.8 224.29 1 3
560.53 301.44 1 575.5 272.32 1 3
561.12 294.35 1 576.55 265.27 1 3
566.23 307.29 1 580.53 278.09 1 3
566.9 240.32 1 576.65 212.11 1 3
568.99 293.36 1 583.32 264.16 1 3
580.28 317.94 1 593.81 288.06 1 3
599.42 254.34 1 610.01 224.96 1 3
601.04 286.9 1 610.2 257.93 1 3
51.459 249.68 1 371.76 247.08 1 0
55.531 222.95 1 285.15 229.25 1 1
59.747 214.99 1 290.74 220.98 1 1
72.393 180.69 1 310.9 182.9 1 1
75.08 195.85 1 310.6 200.55 1 1
75.554 254.21 1 297.76 266.53 1 1
81.882 184.77 1 320.31 188.47 1 1
88.15 225.2 1 318.65 235.08 1 1
93.469 178.7 1 334.26 182.59 1 1
97.129 264.03 1 319.84 281.64 1 1
107.1 179.08 1 349.18 184.89 1 1
118.5 257.29 1 342.24 277.64 1 1
140.39 196.75 1 382.5 207.92 1 1
147.78 259.27 1 377.08 285.65 1 1
156.84 221.38 1 396.21 239 1 1
171.04 250.76 1 405.54 279.1 1 1
196.61 255.94 1 404.07 142.52 1 0
321.85 254.61 1 140.41 285.73 1 2
330.23 254.8 1 149.34 285.87 1 2
336.76 184.01 1 156.81 200.55 1 2
339.38 194.88 1 158.57 213.62 1 2
353.86 268.51 1 176.92 298.51 1 2
376.03 183.06 1 203.61 194.09 1 2
485.62 226.79 1 494.39 200.77 1 3
499.1 213.48 1 506.06 187.99 1 3
520.86 287.53 1 536.79 259.91 1 3
534.39 286.64 1 548.16 260.03 1 3
561.76 327.14 1 576.02 297.75 1 3
567.15 316.6 1 581.32 287.31 1 3
574.41 323.34 1 588.17 293.56 1 3
587.49 322.5 1 515.67 170.55 1 0
592.48 328.76 1 604.7 298.5 1 3
28.978 264.27 1 301.22 327.15 1 0
121.52 214.21 1 358.3 226.31 1 1
144.05 174.31 1 391.12 181.89 1 1
157.88 230.35 1 395.91 248.83 1 1
275.57 258.71 1 33.77 199.84 1 0
301.93 264.92 1 120.58 297.76 1 2
317.34 237.46 1 134.88 266.07 1 2
327.1 159.48 1 151.81 171 1 2
335.83 193.96 1 156.09 212.85 1 2
345.44 276.67 1 169.86 306.77 1 2
352.83 198.23 1 172.47 216.56 1 2
467.27 199.5 1 602.36 282.83 1 0
505.75 236.32 1 515.09 209.74 1 3
507.7 217.12 1 514.62 191.02 1 3
521.09 244.67 1 531.96 217.61 1 3
526.53 257.82 1 539.36 230.42 1 3
537.65 253.29 1 549.48 225.65 1 3
556.51 313.2 1 570.87 284.03 1 3
599.79 334.68 1 612.86 303.34 1 3
52.28 168.01 1 291.16 166.26 1 1
130.27 204.77 1 371.16 217.65 1 1
160.17 199.11 1 404.69 213.33 1 1
297.82 189.3 1 110.63 212.02 1 2
318 268.03 1 138.73 300.1 1 2
507.08 251.07 1 519.89 224.55 1 3
508.41 348.34 1 523 320.72 1 3
516.44 229.08 1 525.53 202.63 1 3
90.899 304.98 1 301.22 327.15 1 1
129.42 179.93 1 373.6 187.41 1 1
131.99 237.11 1 366.05 253.18 1 1
297.13 230.71 1 104.76 262.83 1 2
374.26 281.22 1 201.79 309.59 1 2
492.09 225.96 1 500.19 199.91 1 3
563.7 338.73 1 577.81 309.77 1 3
578.09 336.8 1 591.06 306.67 1 3
589.03 313.14 1 602.36 282.83 1 3
56.79 189.28 1 291.74 191.03 1 1
100.31 151.47 1 346.53 148.65 1 1
106.1 228.72 1 339.35 240.54 1 1
128.69 161.34 1 377.37 164.87 1 1
343.96 159.98 1 172.7 169.1 1 2
350.24 218.55 1 172.93 239.78 1 2
508.02 344.92 1 522.29 317.51 1 3
542.73 221.68 1 494.45 283.68 1 0
108.35 198.11 1 346.82 206.08 1 1
308.22 168.34 1 159.57 303.28 1 0
397.59 199.74 1 147.73 304.52 1 0
